1500 3500
-3000 3000
-1250 -250
4 1 4

1

2000 3000
-100500 100500
-1000 -500
1

--------------------------

0 9000
-3000 3000
-3000 0
18 1 12

12

1000 1500
-100500 100500
-1500 -1000
1 

1500 2000
-100500 100500
-2000 -1250
1

2000 2500
-100500 100500
-2000 -1750
1

2500 3000
-100500 100500
-2250 -2000
1

3000 3500
-100500 100500
-2500 -2000
1

3500 4000
-100500 100500
-2000 -1750
1

4000 5500
-100500 100500
-1750 -1500
1

4500 5000
-100500 100500
-1500 -1250
1

5500 6000
-100500 100500
-2000 -1750
1

6000 6500
-100500 100500
-1750 -1500
1

6500 7000
-100500 100500
-1500 -1250
1

7000 7500
-100500 100500
-1250 -500
1


-----------------------------


0 4500
-3000 3000
-1500 0
9 1 6

1

2000 3000
-100500 100500
-1000 -500
1


--------------------------

2000 3000
-3000 3000
-1000 -500
2 1 2

1

2000 3000
-100500 100500
-1000 -500
1
