800 
-1995 0 0 
-1985 0 0 
-1975 0 0 
-1965 0 0 
-1955 0 0 
-1945 0 0 
-1935 0 0 
-1925 0 0 
-1915 0 0 
-1905 0 0 
-1895 0 0 
-1885 0 0 
-1875 0 0 
-1865 0 0 
-1855 0 0 
-1845 0 0 
-1835 0 0 
-1825 0 0 
-1815 0 0 
-1805 0 0 
-1795 0 0 
-1785 0 0 
-1775 0 0 
-1765 0 0 
-1755 0 0 
-1745 0 0 
-1735 0 0 
-1725 0 0 
-1715 0 0 
-1705 0 0 
-1695 0 0 
-1685 0 0 
-1675 0 0 
-1665 0 0 
-1655 0 0 
-1645 0 0 
-1635 0 0 
-1625 0 0 
-1615 0 0 
-1605 0 0 
-1595 0 0 
-1585 0 0 
-1575 0 0 
-1565 0 0 
-1555 0 0 
-1545 0 0 
-1535 0 0 
-1525 0 0 
-1515 0 0 
-1505 0 0 
-1495 0 0 
-1485 0 0 
-1475 0 0 
-1465 0 0 
-1455 0 0 
-1445 0 0 
-1435 0 0 
-1425 0 0 
-1415 0 0 
-1405 0 0 
-1395 0 0 
-1385 0 0 
-1375 0 0 
-1365 0 0 
-1355 0 0 
-1345 0 0 
-1335 0 0 
-1325 0 0 
-1315 0 0 
-1305 0 0 
-1295 0 0 
-1285 0 0 
-1275 0 0 
-1265 0 0 
-1255 0 0 
-1245 0 0 
-1235 0 0 
-1225 0 0 
-1215 0 0 
-1205 0 0 
-1195 0 0 
-1185 0 0 
-1175 0 0 
-1165 0 0 
-1155 0 0 
-1145 0 0 
-1135 0 0 
-1125 0 0 
-1115 0 0 
-1105 0 0 
-1095 0 0 
-1085 0 0 
-1075 0 0 
-1065 0 0 
-1055 0 0 
-1045 0 0 
-1035 0 0 
-1025 0 0 
-1015 0 0 
-1005 0 0 
-995 0 0 
-985 0 0 
-975 0 0 
-965 0 0 
-955 0 0 
-945 0 0 
-935 0 0 
-925 0 0 
-915 0 0 
-905 0 0 
-895 0 0 
-885 0 0 
-875 0 0 
-865 0 0 
-855 0 0 
-845 0 0 
-835 0 0 
-825 0 0 
-815 0 0 
-805 0 0 
-795 0 0 
-785 0 0 
-775 0 0 
-765 0 0 
-755 0 0 
-745 0 0 
-735 0 0 
-725 0 0 
-715 0 0 
-705 0 0 
-695 0 0 
-685 0 0 
-675 0 0 
-665 0 0 
-655 0 0 
-645 0 0 
-635 0 0 
-625 0 0 
-615 0 0 
-605 0 0 
-595 0 0 
-585 0 0 
-575 0 0 
-565 0 0 
-555 0 0 
-545 0 0 
-535 0 0 
-525 0 0 
-515 0 0 
-505 0 0 
-495 0 0 
-485 0 0 
-475 0 0 
-465 0 0 
-455 0 0 
-445 0 0 
-435 0 0 
-425 0 0 
-415 0 0 
-405 0 0 
-395 0 0 
-385 0 0 
-375 0 0 
-365 0 0 
-355 0 0 
-345 0 0 
-335 0 0 
-325 0 0 
-315 0 0 
-305 0 0 
-295 0 0 
-285 0 0 
-275 0 0 
-265 0 0 
-255 0 0 
-245 0 0 
-235 0 0 
-225 0 0 
-215 0 0 
-205 0 0 
-195 0 0 
-185 0 0 
-175 0 0 
-165 0 0 
-155 0 0 
-145 0 0 
-135 0 0 
-125 0 0 
-115 0 0 
-105 0 0 
-95 0 0 
-85 0 0 
-75 0 0 
-65 0 0 
-55 0 0 
-45 0 0 
-35 0 0 
-25 0 0 
-15 0 0 
-5 0 0 
5 0 0 
15 0 0 
25 0 0 
35 0 0 
45 0 0 
55 0 0 
65 0 0 
75 0 0 
85 0 0 
95 0 0 
105 0 0 
115 0 0 
125 0 0 
135 0 0 
145 0 0 
155 0 0 
165 0 0 
175 0 0 
185 0 0 
195 0 0 
205 0 0 
215 0 0 
225 0 0 
235 0 0 
245 0 0 
255 0 0 
265 0 0 
275 0 0 
285 0 0 
295 0 0 
305 0 0 
315 0 0 
325 0 0 
335 0 0 
345 0 0 
355 0 0 
365 0 0 
375 0 0 
385 0 0 
395 0 0 
405 0 0 
415 0 0 
425 0 0 
435 0 0 
445 0 0 
455 0 0 
465 0 0 
475 0 0 
485 0 0 
495 0 0 
505 0 0 
515 0 0 
525 0 0 
535 0 0 
545 0 0 
555 0 0 
565 0 0 
575 0 0 
585 0 0 
595 0 0 
605 0 0 
615 0 0 
625 0 0 
635 0 0 
645 0 0 
655 0 0 
665 0 0 
675 0 0 
685 0 0 
695 0 0 
705 0 0 
715 0 0 
725 0 0 
735 0 0 
745 0 0 
755 0 0 
765 0 0 
775 0 0 
785 0 0 
795 0 0 
805 0 0 
815 0 0 
825 0 0 
835 0 0 
845 0 0 
855 0 0 
865 0 0 
875 0 0 
885 0 0 
895 0 0 
905 0 0 
915 0 0 
925 0 0 
935 0 0 
945 0 0 
955 0 0 
965 0 0 
975 0 0 
985 0 0 
995 0 0 
1005 0 0 
1015 0 0 
1025 0 0 
1035 0 0 
1045 0 0 
1055 0 0 
1065 0 0 
1075 0 0 
1085 0 0 
1095 0 0 
1105 0 0 
1115 0 0 
1125 0 0 
1135 0 0 
1145 0 0 
1155 0 0 
1165 0 0 
1175 0 0 
1185 0 0 
1195 0 0 
1205 0 0 
1215 0 0 
1225 0 0 
1235 0 0 
1245 0 0 
1255 0 0 
1265 0 0 
1275 0 0 
1285 0 0 
1295 0 0 
1305 0 0 
1315 0 0 
1325 0 0 
1335 0 0 
1345 0 0 
1355 0 0 
1365 0 0 
1375 0 0 
1385 0 0 
1395 0 0 
1405 0 0 
1415 0 0 
1425 0 0 
1435 0 0 
1445 0 0 
1455 0 0 
1465 0 0 
1475 0 0 
1485 0 0 
1495 0 0 
1505 0 0 
1515 0 0 
1525 0 0 
1535 0 0 
1545 0 0 
1555 0 0 
1565 0 0 
1575 0 0 
1585 0 0 
1595 0 0 
1605 0 0 
1615 0 0 
1625 0 0 
1635 0 0 
1645 0 0 
1655 0 0 
1665 0 0 
1675 0 0 
1685 0 0 
1695 0 0 
1705 0 0 
1715 0 0 
1725 0 0 
1735 0 0 
1745 0 0 
1755 0 0 
1765 0 0 
1775 0 0 
1785 0 0 
1795 0 0 
1805 0 0 
1815 0 0 
1825 0 0 
1835 0 0 
1845 0 0 
1855 0 0 
1865 0 0 
1875 0 0 
1885 0 0 
1895 0 0 
1905 0 0 
1915 0 0 
1925 0 0 
1935 0 0 
1945 0 0 
1955 0 0 
1965 0 0 
1975 0 0 
1985 0 0 
1995 0 0 
2005 0 0 
2015 0 0 
2025 0 0 
2035 0 0 
2045 0 0 
2055 0 0 
2065 0 0 
2075 0 0 
2085 0 0 
2095 0 0 
2105 0 0 
2115 0 0 
2125 0 0 
2135 0 0 
2145 0 0 
2155 0 0 
2165 0 0 
2175 0 0 
2185 0 0 
2195 0 0 
2205 0 0 
2215 0 0 
2225 0 0 
2235 0 0 
2245 0 0 
2255 0 0 
2265 0 0 
2275 0 0 
2285 0 0 
2295 0 0 
2305 0 0 
2315 0 0 
2325 0 0 
2335 0 0 
2345 0 0 
2355 0 0 
2365 0 0 
2375 0 0 
2385 0 0 
2395 0 0 
2405 0 0 
2415 0 0 
2425 0 0 
2435 0 0 
2445 0 0 
2455 0 0 
2465 0 0 
2475 0 0 
2485 0 0 
2495 0 0 
2505 0 0 
2515 0 0 
2525 0 0 
2535 0 0 
2545 0 0 
2555 0 0 
2565 0 0 
2575 0 0 
2585 0 0 
2595 0 0 
2605 0 0 
2615 0 0 
2625 0 0 
2635 0 0 
2645 0 0 
2655 0 0 
2665 0 0 
2675 0 0 
2685 0 0 
2695 0 0 
2705 0 0 
2715 0 0 
2725 0 0 
2735 0 0 
2745 0 0 
2755 0 0 
2765 0 0 
2775 0 0 
2785 0 0 
2795 0 0 
2805 0 0 
2815 0 0 
2825 0 0 
2835 0 0 
2845 0 0 
2855 0 0 
2865 0 0 
2875 0 0 
2885 0 0 
2895 0 0 
2905 0 0 
2915 0 0 
2925 0 0 
2935 0 0 
2945 0 0 
2955 0 0 
2965 0 0 
2975 0 0 
2985 0 0 
2995 0 0 
3005 0 0 
3015 0 0 
3025 0 0 
3035 0 0 
3045 0 0 
3055 0 0 
3065 0 0 
3075 0 0 
3085 0 0 
3095 0 0 
3105 0 0 
3115 0 0 
3125 0 0 
3135 0 0 
3145 0 0 
3155 0 0 
3165 0 0 
3175 0 0 
3185 0 0 
3195 0 0 
3205 0 0 
3215 0 0 
3225 0 0 
3235 0 0 
3245 0 0 
3255 0 0 
3265 0 0 
3275 0 0 
3285 0 0 
3295 0 0 
3305 0 0 
3315 0 0 
3325 0 0 
3335 0 0 
3345 0 0 
3355 0 0 
3365 0 0 
3375 0 0 
3385 0 0 
3395 0 0 
3405 0 0 
3415 0 0 
3425 0 0 
3435 0 0 
3445 0 0 
3455 0 0 
3465 0 0 
3475 0 0 
3485 0 0 
3495 0 0 
3505 0 0 
3515 0 0 
3525 0 0 
3535 0 0 
3545 0 0 
3555 0 0 
3565 0 0 
3575 0 0 
3585 0 0 
3595 0 0 
3605 0 0 
3615 0 0 
3625 0 0 
3635 0 0 
3645 0 0 
3655 0 0 
3665 0 0 
3675 0 0 
3685 0 0 
3695 0 0 
3705 0 0 
3715 0 0 
3725 0 0 
3735 0 0 
3745 0 0 
3755 0 0 
3765 0 0 
3775 0 0 
3785 0 0 
3795 0 0 
3805 0 0 
3815 0 0 
3825 0 0 
3835 0 0 
3845 0 0 
3855 0 0 
3865 0 0 
3875 0 0 
3885 0 0 
3895 0 0 
3905 0 0 
3915 0 0 
3925 0 0 
3935 0 0 
3945 0 0 
3955 0 0 
3965 0 0 
3975 0 0 
3985 0 0 
3995 0 0 
4005 0 0 
4015 0 0 
4025 0 0 
4035 0 0 
4045 0 0 
4055 0 0 
4065 0 0 
4075 0 0 
4085 0 0 
4095 0 0 
4105 0 0 
4115 0 0 
4125 0 0 
4135 0 0 
4145 0 0 
4155 0 0 
4165 0 0 
4175 0 0 
4185 0 0 
4195 0 0 
4205 0 0 
4215 0 0 
4225 0 0 
4235 0 0 
4245 0 0 
4255 0 0 
4265 0 0 
4275 0 0 
4285 0 0 
4295 0 0 
4305 0 0 
4315 0 0 
4325 0 0 
4335 0 0 
4345 0 0 
4355 0 0 
4365 0 0 
4375 0 0 
4385 0 0 
4395 0 0 
4405 0 0 
4415 0 0 
4425 0 0 
4435 0 0 
4445 0 0 
4455 0 0 
4465 0 0 
4475 0 0 
4485 0 0 
4495 0 0 
4505 0 0 
4515 0 0 
4525 0 0 
4535 0 0 
4545 0 0 
4555 0 0 
4565 0 0 
4575 0 0 
4585 0 0 
4595 0 0 
4605 0 0 
4615 0 0 
4625 0 0 
4635 0 0 
4645 0 0 
4655 0 0 
4665 0 0 
4675 0 0 
4685 0 0 
4695 0 0 
4705 0 0 
4715 0 0 
4725 0 0 
4735 0 0 
4745 0 0 
4755 0 0 
4765 0 0 
4775 0 0 
4785 0 0 
4795 0 0 
4805 0 0 
4815 0 0 
4825 0 0 
4835 0 0 
4845 0 0 
4855 0 0 
4865 0 0 
4875 0 0 
4885 0 0 
4895 0 0 
4905 0 0 
4915 0 0 
4925 0 0 
4935 0 0 
4945 0 0 
4955 0 0 
4965 0 0 
4975 0 0 
4985 0 0 
4995 0 0 
5005 0 0 
5015 0 0 
5025 0 0 
5035 0 0 
5045 0 0 
5055 0 0 
5065 0 0 
5075 0 0 
5085 0 0 
5095 0 0 
5105 0 0 
5115 0 0 
5125 0 0 
5135 0 0 
5145 0 0 
5155 0 0 
5165 0 0 
5175 0 0 
5185 0 0 
5195 0 0 
5205 0 0 
5215 0 0 
5225 0 0 
5235 0 0 
5245 0 0 
5255 0 0 
5265 0 0 
5275 0 0 
5285 0 0 
5295 0 0 
5305 0 0 
5315 0 0 
5325 0 0 
5335 0 0 
5345 0 0 
5355 0 0 
5365 0 0 
5375 0 0 
5385 0 0 
5395 0 0 
5405 0 0 
5415 0 0 
5425 0 0 
5435 0 0 
5445 0 0 
5455 0 0 
5465 0 0 
5475 0 0 
5485 0 0 
5495 0 0 
5505 0 0 
5515 0 0 
5525 0 0 
5535 0 0 
5545 0 0 
5555 0 0 
5565 0 0 
5575 0 0 
5585 0 0 
5595 0 0 
5605 0 0 
5615 0 0 
5625 0 0 
5635 0 0 
5645 0 0 
5655 0 0 
5665 0 0 
5675 0 0 
5685 0 0 
5695 0 0 
5705 0 0 
5715 0 0 
5725 0 0 
5735 0 0 
5745 0 0 
5755 0 0 
5765 0 0 
5775 0 0 
5785 0 0 
5795 0 0 
5805 0 0 
5815 0 0 
5825 0 0 
5835 0 0 
5845 0 0 
5855 0 0 
5865 0 0 
5875 0 0 
5885 0 0 
5895 0 0 
5905 0 0 
5915 0 0 
5925 0 0 
5935 0 0 
5945 0 0 
5955 0 0 
5965 0 0 
5975 0 0 
5985 0 0 
5995 0 0 
